kinematics:
  shoulder:
    x: 0
    y: 0
    z: 0.08912024219220945
    roll: -0
    pitch: 0
    yaw: 4.991928013314828e-09
  upper_arm:
    x: 0.000232447162371292
    y: 0
    z: 0
    roll: 1.56916966257042
    pitch: 0
    yaw: -3.101695080951616e-05
  forearm:
    x: -0.425354349608713
    y: 0
    z: 0
    roll: 0.001345514509771394
    pitch: 0.002464969747051638
    yaw: -6.349800520066922e-05
  wrist_1:
    x: -0.3921493574684046
    y: -0.0004662784659595067
    z: 0.1109901677232012
    roll: 0.004201054313433267
    pitch: 0.001368900720925415
    yaw: -2.517625095760239e-05
  wrist_2:
    x: -1.273148866329079e-05
    y: -0.09483254872396994
    z: 6.894708759468871e-05
    roll: 1.5700692865922
    pitch: 0
    yaw: -2.316736518397782e-05
  wrist_3:
    x: 6.150961458899643e-05
    y: 0.08257189142456209
    z: 1.081051462763344e-05
    roll: 1.570927249247796
    pitch: 3.141592653589793
    yaw: -3.141521039879588
  hash: calib_12986577519167629125